0.0
0.0
0.0
0.0
0.0
0.0
0.0
0.0
0.0
0.0
0.0
0.0
0.0
0.0
0.0
0.0
0.0
0.0
0.0
0.0
0.0
0.0
0.0
0.0
0.0
0.0
0.0
0.0
0.0
0.0
0.0
0.0
0.0
0.0
0.0
0.0
0.0
0.0
0.0
0.0
0.0
0.0
0.0
0.0
0.0
0.0
0.0
0.0
0.0
0.0
0.0396175277815
0.124308514397
0.230350216971
0.158127560215
0.0430906621907
0.313449975289
0.068489036017
0.0138466730314
0.00328752933212
0.00535564868782
0.62462856142
0.0438036270319
0.118988680239
0.0
0.0
0.0119917058045
0.0
0.0950821083363
0.042130236302
0.0623927203261
0.0
0.0
0.0
0.0
0.0
0.0
0.0
0.0
0.0
0.0
0.336877735249
0.0759134505564
0.28592308217
0.0
0.0
0.0330925801896
0.127758483604
0.0657188008368
0.0730133969981
0.0
0.0330054351746
0.0520923944514
0.378878007287
0.123564813289
0.0625605517359
0.314941107294
0.0206177570932
0.00646594318497
0.0054001921082
0.00240429045842
0.530165388227
0.0900876830176
0.0810872352404
0.0
0.0
0.0512840698832
0.0
0.0810872352404
0.0900876830176
0.0741001098717
0.0
0.0
0.0
0.0
0.0
0.0
0.0
0.0
0.0
0.0
0.0
0.0
0.0
0.0
0.0
0.0
0.0
0.0
0.0
0.0
0.0
0.0
0.0
0.0
0.0
0.0
0.0
0.0
0.0
0.0
0.0
0.0
0.0
0.0
0.0
0.0
0.0
0.0
0.0
0.0
0.0
0.0
0.0
0.0
0.0
0.0
0.0
0.0
0.0
0.0
